6139 49 0.005069549543701507
6149 49 0.005180751579701901
6159 49 0.005140631337733214
6169 49 0.005239331435642155
6179 49 0.005069342030348421
6189 49 0.005085116916749006
6199 49 0.005296453159512568
6209 49 0.005131328778266588
6219 49 0.005405828609991846
6229 49 0.005050760922159411
6239 49 0.0050609699388717636
6249 49 0.00506878086536752
6259 49 0.005084717507093035
6269 49 0.005064824881532433
6279 49 0.005028663355463057
6289 49 0.005016727688992521
6299 49 0.00513910211138195
6309 49 0.0052646249777212805
6319 49 0.005086912799131639
6329 49 0.005006577008407849
6339 49 0.005258765012631335
6349 49 0.005062847357120613
6359 49 0.004975643389104649
W= [[  8.63299399]
 [-20.41164349]
 [  1.54427029]
 [ 10.70192032]
 [ -0.11761791]]
B= [[-0.02872798]]
请按任意键继续. . .